18 14 
20 16 
11 18 
12 19 
7 27 
8 26 
25 9 
4 25 
7 19 
5 24 
8 20 
3 26 
3 26 
4 25 
3 22 
4 25 
-1 34 
0 30 
1 32 
20 10 
10 21 
15 13 
11 13 
12 15 
19 9 
17 11 
14 9 
15 6 
19 5 
19 4 
17 4 
16 5 
19 3 
20 1 
20 1 
19 2 
19 0 
16 -2 
22 -2 
18 4 
20 -2 
21 -6 
19 -5 
20 -4 
22 -4 
23 -3 
21 -2 
18 -6 
20 -1 
19 -3 
18 -6 
17 -4 
17 -4 
20 -2 
23 -4 
19 -5 
17 -3 
17 -3 
17 -3 
17 -3 
17 -3 
17 -3 
17 -3 
17 -3 
17 -3 
17 -3 

40 30 
32 22 
27 21 
21 22 
18 25 
18 28 
10 22 
12 16 
13 21 
7 24 
8 24 
5 22 
6 28 
6 24 
5 28 
23 11 
23 14 
6 27 
6 26 
5 25 
5 31 
3 28 
0 33 
0 26 
5 22 
10 15 
9 15 
13 13 
15 14 
16 8 
16 8 
19 9 
19 3 
14 5 
16 5 
21 0 
21 -1 
18 3 
21 3 
17 0 
17 -2 
18 1 
20 0 
19 4 
19 0 
20 -3 
19 -1 
20 -1 
18 -3 
18 -4 
19 -5 
19 -6 
21 -2 
20 -5 
19 -3 
19 -5 
19 -3 
19 -5 
18 -3 
18 -3 
18 -6 
18 -6 
18 -6 
18 -6 
18 -6 
18 -6 

8 6 
8 8 
9 9 
9 12 
8 15 
5 16 
3 23 
3 17 
4 18 
4 23 
1 24 
5 26 
4 26 
5 20 
4 26 
3 23 
6 23 
2 24 
1 28 
1 25 
24 12 
4 26 
5 27 
7 19 
13 15 
12 13 
13 11 
16 7 
17 12 
15 11 
17 7 
20 3 
23 1 
23 3 
17 5 
21 0 
20 0 
19 -2 
20 2 
19 -1 
18 -1 
21 -3 
20 -3 
20 -2 
20 -2 
19 -2 
24 -3 
26 -4 
22 -3 
22 -3 
24 -3 
27 0 
24 -3 
19 -1 
19 0 
21 -1 
21 -1 
21 -1 
21 -1 
21 -1 
21 -1 
21 -1 
21 -1 
21 -1 
21 -1 
21 -1 

6 30 
26 15 
7 22 
3 22 
6 20 
8 26 
2 27 
6 24 
0 25 
2 31 
19 6 
1 34 
8 21 
7 23 
11 16 
13 13 
13 13 
16 12 
16 10 
15 7 
19 11 
17 5 
21 5 
17 4 
20 4 
18 -1 
21 2 
19 2 
20 -1 
17 -1 
22 -1 
20 -3 
20 -3 
17 0 
24 -1 
27 0 
21 -2 
24 -3 
21 -2 
19 0 
21 3 
20 0 
19 0 
19 0 
19 0 
19 0 
19 0 
19 0 
19 0 
19 0 
19 0 
19 0 
19 0 
19 0 
19 0 
19 0 
19 0 
19 0 
19 0 
19 0 
19 0 
19 0 
19 0 
19 0 
19 0 

35 6 
25 16 
19 16 
21 16 
19 20 
17 18 
13 22 
11 22 
10 20 
13 23 
9 20 
7 20 
12 22 
7 21 
2 30 
6 26 
2 24 
9 22 
6 22 
6 24 
4 20 
5 22 
3 25 
5 21 
1 28 
2 22 
4 24 
3 25 
20 13 
8 18 
8 15 
12 12 
16 8 
16 10 
16 7 
14 9 
15 4 
11 10 
15 5 
18 2 
20 2 
19 2 
18 3 
19 1 
18 -1 
19 0 
18 -2 
21 -1 
19 0 
20 2 
19 0 
18 0 
20 0 
19 0 
20 0 
18 -3 
22 0 
19 -2 
20 -1 
22 0 
19 0 
17 -1 
20 -1 
20 -1 
21 0 
19 -1 

